141,27
141,26
141,25
141,24
141,23
141,22
141,21
141,20
141,4
141,19
141,18
141,17
141,16
141,15
141,14
141,13
0,552
0,0
141,12
141,11
141,10
141,9
141,8
141,7
141,6
141,5
141,3
141,2
141,1
141,0
140,4
140,3
140,2
140,1
140,0
139,9
139,8
139,7
0,551
0,550
139,6
139,5
139,4
139,3
139,2
139,1
139,0
138,5
138,4
0,549
138,3
138,2
138,1
138,0
0,548
137,4
137,3
137,2
137,1
137,0
136,8
136,7
136,6
136,5
136,4
136,3
136,2
136,1
136,0
135,5
135,4
135,3
135,2
135,1
135,0
0,547
0,546
134,5
134,4
134,3
134,2
134,1
134,0
0,545
0,1
0,544
133,4
133,3
133,2
133,1
133,0
0,543
0,542
14,64
0,447
132,6
132,5
132,4
132,3
132,2
132,1
132,0
0,541
0,445
131,5
131,4
131,3
131,2
131,1
131,0
130,13
130,12
130,11
0,309
130,10
130,9
130,8
130,7
130,6
130,5
130,4
130,3
130,2
130,1
130,0
129,4
129,3
129,2
129,1
129,0
128,3
128,2
128,1
128,0
127,6
127,5
127,4
127,3
127,2
127,1
127,0
126,3
126,2
126,1
126,0
0,277
125,5
125,4
125,3
125,2
125,1
125,0
124,7
124,6
124,5
124,4
124,3
124,2
124,1
124,0
123,4
123,3
123,2
123,1
123,0
122,21
122,20
122,8
122,19
122,18
122,13
122,17
122,16
122,12
122,15
122,14
122,9
122,11
122,10
122,4
122,7
122,6
122,5
0,288
122,3
122,2
122,1
122,0
121,9
121,8
121,7
121,6
121,5
121,4
0,281
121,3
121,2
0,279
121,1
121,0
0,269
0,268
0,267
0,266
0,265
0,262
0,261
0,260
0,259
0,258
0,257
0,253
0,252
0,250
0,249
0,245
0,244
0,242
0,241
0,238
0,236
0,235
0,234
0,231
0,228
0,227
0,224
0,221
0,220
0,219
0,218
0,217
0,214
0,212
0,211
0,210
0,207
0,206
0,205
0,312
0,47
0,311
0,46
120,4
120,3
120,2
120,1
120,0
0,540
0,264
0,263
119,5
119,4
119,3
119,2
119,1
119,0
0,254
118,8
118,7
118,6
118,5
118,4
0,255
118,3
118,2
118,1
118,0
117,15
117,14
117,13
117,9
0,246
117,12
117,11
0,539
117,10
117,8
117,4
0,538
0,248
117,7
117,6
117,5
0,247
117,3
117,2
117,1
117,0
0,537
116,3
116,2
116,1
116,0
115,5
115,4
115,3
115,2
115,1
115,0
0,536
0,230
0,229
14,35
114,3
114,2
114,1
114,0
0,535
0,223
0,222
113,5
113,4
113,3
113,2
113,1
113,0
0,534
112,6
112,5
112,4
112,3
112,2
112,1
112,0
111,3
111,2
111,1
111,0
0,533
0,532
110,13
110,12
110,11
110,10
110,9
110,8
110,7
110,6
110,5
110,4
110,3
110,2
110,1
110,0
109,23
109,16
109,22
109,21
109,20
109,19
109,18
109,5
109,17
109,15
109,6
109,14
109,13
109,12
109,11
109,10
109,9
0,531
109,8
109,7
0,530
109,4
109,3
109,2
109,1
109,0
108,17
108,16
108,15
108,4
108,14
108,13
108,6
108,12
108,11
108,10
0,529
108,9
108,8
108,7
108,5
108,3
108,2
108,1
108,0
0,528
0,527
107,3
107,2
0,526
107,1
107,0
106,4
106,3
106,2
106,1
106,0
14,34
105,5
105,4
105,3
105,2
105,1
105,0
104,4
104,3
104,2
104,1
104,0
103,5
103,4
103,3
103,2
103,1
103,0
0,525
102,5
102,4
102,3
102,2
102,1
102,0
101,4
101,3
101,2
101,1
101,0
0,524
100,6
100,5
100,4
100,3
100,2
100,1
100,0
0,523
0,522
0,521
99,7
99,6
99,5
99,4
99,3
99,2
99,1
99,0
14,33
98,9
98,8
98,7
98,6
98,5
98,4
98,3
98,2
98,1
98,0
0,520
0,519
97,9
97,8
97,7
97,6
97,5
97,4
97,3
97,2
97,1
97,0
0,518
0,517
0,516
14,32
96,10
96,9
96,8
96,7
96,6
96,5
96,4
96,3
96,2
96,1
96,0
0,240
0,515
0,386
0,239
14,31
95,10
95,9
95,8
95,7
95,6
95,5
95,4
95,3
95,2
95,1
95,0
0,514
0,513
0,233
0,512
0,232
14,30
94,10
94,9
94,8
94,7
94,6
94,5
94,4
94,3
94,2
94,1
94,0
0,511
0,226
0,225
93,10
93,9
93,8
93,7
93,6
93,5
93,4
93,3
93,2
93,1
93,0
14,29
92,10
92,9
92,8
92,7
92,6
92,5
92,4
92,3
92,2
92,1
92,0
0,510
0,509
0,216
0,215
91,10
91,9
91,8
91,7
91,6
91,5
91,4
91,3
91,2
91,1
91,0
0,508
0,507
0,209
0,208
14,28
90,10
90,9
90,8
90,7
90,6
90,5
90,4
90,3
90,2
0,307
90,1
90,0
